644777 0.8150542974472046 0.2812117636203766
727144 0.20033913850784302 0.36889612674713135
1839952 0.21562713384628296 0.3742520213127136
7082208 0.15864548087120056 0.4373008906841278
26957780 -0.025356849655508995 0.5128135085105896
31303652 0.063799649477005 -0.10671357810497284
40331815 0.037522125989198685 -0.3905390501022339
51698265 0.15252317488193512 0.3490670323371887
63713374 0.39930832386016846 0.05820013955235481
71015208 -0.02863214537501335 -0.2090349942445755
74140633 -0.3099266290664673 -0.0837678611278534
77117304 0.017099659889936447 -0.20484156906604767
78827865 -0.14404051005840302 -0.010279122740030289
85242901 -0.5926285982131958 0.0013979794457554817
86958386 -0.3535938262939453 -0.44119107723236084
87432687 0.2839093804359436 -0.1598844677209854
106745312 -0.1512020081281662 0.04908055067062378
110014788 -0.043626438826322556 -0.020532332360744476
112663528 -0.4812411367893219 -0.17847876250743866
121986092 -0.08211321383714676 -0.21731868386268616
122377811 0.3182808756828308 0.08139725029468536
137904373 -0.019942298531532288 -0.20214278995990753
146889386 0.1493285596370697 0.3687138557434082
147845315 -0.030888546258211136 -0.1931302398443222
151539823 0.2275189310312271 0.0866495668888092
168815611 0.022034458816051483 -0.22068029642105103
171540298 0.19915293157100677 0.1700853854417801
173807873 -0.28136053681373596 -0.09390366822481155
178073174 0.19770734012126923 0.12662586569786072
193666363 -0.002242183778434992 0.3104807138442993
197720648 -0.03529337793588638 -0.2110830396413803
249948639 -0.00709692994132638 -0.22521571815013885
252981229 0.14703044295310974 -0.04249141737818718
294048329 -0.35630056262016296 -0.0005384921096265316
300138226 -0.0829378217458725 -0.11427321285009384
349417991 -0.017280612140893936 0.31207290291786194
505877781 0.25392070412635803 0.044335123151540756
564802797 0.1891774982213974 0.08704182505607605
18185 0.9639937281608582 0.33091846108436584
34567 0.9834839701652527 0.2366262525320053
73957 0.9843629002571106 0.2548483908176422
511009 0.9296045899391174 0.3403879404067993
608734 0.9877611994743347 0.37169596552848816
611457 1.0 0.2705039978027344
630009 0.9476866722106934 0.32960131764411926
631915 0.9216203093528748 0.3791080117225647
632464 0.9941630363464355 0.33545076847076416
632523 0.9906164407730103 0.29379114508628845
632636 0.9764567017555237 0.3433632552623749
636404 0.9410088062286377 0.3761768043041229
653867 0.9507120847702026 0.3096807897090912
655250 0.9688366055488586 0.3649587631225586
658369 0.9527257084846497 0.3482624292373657
702863 0.9943782687187195 0.31916147470474243
734148 0.9585516452789307 0.3821495473384857
771801 0.9100810289382935 0.3557911813259125
851952 0.9223614931106567 0.4067439138889313
890496 0.9600942134857178 0.24854470789432526
988937 0.9435204267501831 0.362112432718277
1010017 0.9670776128768921 0.2711476981639862
1111245 0.9394447803497314 0.29381781816482544
1161182 0.9190980792045593 0.3663390576839447
1202582 0.9376373291015625 0.387107789516449
1215593 0.9716578125953674 0.29411837458610535
1326966 0.9629613757133484 0.22547177970409393
6002 0.11956895887851715 0.4521864354610443
27460 0.14272287487983704 0.4095122814178467
29149 0.09063167124986649 0.37619033455848694
43771 0.11284152418375015 0.4422520697116852
51915 0.0984916090965271 0.3203723430633545
88659 0.33440303802490234 0.5286797881126404
119126 0.12735487520694733 0.4241202771663666
130510 0.13948526978492737 0.43892431259155273
139042 0.41386938095092773 0.1949254721403122
162017 0.10052154213190079 0.36944854259490967
174512 0.34919729828834534 0.3296176493167877
184215 0.26380041241645813 0.3616431951522827
236896 0.114122174680233 0.3281761109828949
345492 0.18485994637012482 0.3949856162071228
354008 0.17813318967819214 0.42310264706611633
385174 0.13508936762809753 0.35771629214286804
430473 0.1908910721540451 0.23404446244239807
437047 0.3037543296813965 0.4496382176876068
437675 0.1296909898519516 0.4715074896812439
460377 0.33109763264656067 0.4128061830997467
462821 0.2254542112350464 0.40193432569503784
470283 0.26228007674217224 0.410547137260437
486007 0.22271107137203217 0.30998948216438293
551226 0.27594995498657227 0.3943382203578949
576992 0.20966358482837677 0.4491318166255951
723195 0.1634194403886795 0.45235517621040344
731614 0.17729413509368896 0.49244675040245056
58801 0.057290177792310715 0.29673001170158386
67791 0.30007195472717285 0.3131309151649475
81466 0.3534683287143707 0.4558206796646118
124204 0.3536694645881653 0.356833815574646
446257 0.3023779094219208 0.478873074054718
464847 0.30257275700569153 0.3946515619754791
521010 0.3265666365623474 0.48431360721588135
549782 0.2311352789402008 0.19391565024852753
600168 0.2824939489364624 0.3645371198654175
657183 0.3623638153076172 0.3751119375228882
705635 0.3713777959346771 0.3579155206680298
799480 0.1934293508529663 0.45387691259384155
802213 0.30504438281059265 0.421505331993103
956879 0.28024572134017944 0.4667069613933563
998410 0.2113645225763321 0.42268919944763184
1138505 0.1530916690826416 0.4542868435382843
1208227 0.1733424812555313 0.4349931478500366
1560555 0.27652114629745483 0.4947563707828522
1751111 0.16350848972797394 0.42903444170951843
1916274 0.11764470487833023 0.3456844985485077
1918727 0.24547141790390015 0.4402481019496918
1970411 0.29649052023887634 0.3428840637207031
1977912 0.12909235060214996 0.318182110786438
2083691 0.14706189930438995 0.429025799036026
2122617 0.1992047131061554 0.4711779057979584
2811951 0.2155570685863495 0.43722957372665405
3078889 0.22855480015277863 0.5002972483634949
3086290 0.1682581752538681 0.34806832671165466
7707 0.0807933658361435 0.32377979159355164
1406813 0.2101302444934845 0.6228467226028442
3805630 0.2262778878211975 0.6393997669219971
8301650 0.1949644535779953 0.6316086649894714
8662508 0.1809169352054596 0.5560556650161743
12738533 0.22667555510997772 0.4303562641143799
15047266 0.24037480354309082 0.47162050008773804
19714749 0.1762549877166748 0.6286072731018066
30373777 0.23314926028251648 0.4488299787044525
1301665 -0.034576378762722015 0.7152211666107178
1439106 -0.012828942388296127 0.6977609992027283
1517544 -0.04990767687559128 0.6864256858825684
1806029 -0.06332691013813019 0.6956121921539307
9001114 -0.030874067917466164 0.6857176423072815
10503280 -0.052188873291015625 0.7092156410217285
70787712 -0.09711195528507233 0.6855849027633667
79169714 -0.024113884195685387 0.704638659954071
144875139 0.027524178847670555 0.03489214926958084
11496743 0.09215768426656723 -0.031974393874406815
18414636 0.0810994952917099 -0.053719643503427505
20884537 0.059364352375268936 -0.10071086883544922
21472326 0.0017547388561069965 -0.06269363313913345
22268940 -0.04197044298052788 -0.06150428578257561
25612177 -0.06667051464319229 -0.04978806525468826
26589867 -0.0018764311680570245 -0.051386673003435135
27113881 -0.024836448952555656 -0.05276375636458397
28629805 0.10552168637514114 -0.08947978168725967
30622796 0.15435832738876343 -0.15199019014835358
32989588 0.17989499866962433 -0.14506982266902924
33892001 0.21358904242515564 -0.19094786047935486
35279339 -0.011795000173151493 -0.11505750566720963
38148509 0.16876298189163208 -0.16405217349529266
39247202 0.19003205001354218 -0.11563470214605331
39674151 0.20068617165088654 -0.14491356909275055
42321698 0.055277083069086075 -0.024868521839380264
43531909 0.19291529059410095 -0.16457729041576385
46914179 0.009457634761929512 -0.04725266993045807
47078495 0.1790744960308075 -0.17826004326343536
47200514 0.03525551036000252 -0.26666978001594543
49047337 -0.0208403579890728 -0.1267804056406021
50232856 0.01509997621178627 -0.08551768958568573
50381273 -0.10143974423408508 -0.09710420668125153
51233089 0.02252959832549095 -0.05616622790694237
51657983 -0.05509680509567261 -0.07736518979072571
51669941 -0.01780470460653305 -0.04338661581277847
52323895 -0.008219139650464058 -0.0969742015004158
52494870 0.0047869086265563965 -0.1405792236328125
53412545 0.17134197056293488 -0.19327864050865173
54084369 -0.007406176999211311 -0.07900205254554749
55881698 -0.033695757389068604 -0.10441811382770538
60716194 -0.05490298569202423 -0.029533453285694122
61163882 -0.01625046506524086 -0.09236418455839157
61399615 -0.08817711472511292 -0.05331087484955788
63677322 0.17835041880607605 -0.13014522194862366
9954986 -0.0603388249874115 -0.11457869410514832
11226019 -0.04086564853787422 -0.18766814470291138
16941574 -0.018006762489676476 -0.22949883341789246
17630218 0.122410349547863 -0.5816087126731873
28061006 -0.01746348850429058 -0.27173328399658203
48426304 0.12712672352790833 -0.5379740595817566
54423950 0.009999142028391361 -0.34045007824897766
56091177 0.0695846825838089 -0.5775216817855835
61283695 0.0022853815462440252 -0.2656465768814087
61325994 0.11949389427900314 -0.5668948292732239
68505905 0.1095276027917862 -0.5456171631813049
70287556 0.01629953645169735 -0.5954671502113342
71328866 0.10304240882396698 -0.5679634809494019
72136041 -0.02429140731692314 -0.28706011176109314
72465903 0.08094380050897598 -0.5926222801208496
88963021 0.08785588294267654 -0.568483829498291
90270999 0.08785723149776459 -0.536196768283844
98442862 -0.04069945588707924 -0.23981629312038422
101796626 0.15099617838859558 -0.5668379664421082
103670116 -0.0009154729777947068 -0.5829691886901855
104117131 0.09669648110866547 -0.5789144039154053
105567406 0.06277760863304138 -0.5937026739120483
111867781 -0.025039883330464363 -0.23119069635868073
116794654 0.058755941689014435 -0.5546206831932068
125013635 0.09552685916423798 -0.5957896709442139
126949691 0.11124897003173828 -0.5923799872398376
135281428 0.08536569029092789 -0.5601571202278137
138406782 0.13564860820770264 -0.5548789501190186
144892749 -0.03943616524338722 -0.24594534933567047
147741595 0.09955247491598129 -0.5547776818275452
155989891 -0.006187851075083017 -0.3478448688983917
156205273 -0.015622769482433796 -0.2916724383831024
171317879 0.0673481673002243 -0.5677948594093323
227108785 -0.021570302546024323 -0.303181529045105
69579 0.5063770413398743 0.07647258788347244
76744 0.4936586320400238 0.12080126255750656
174782 0.46960827708244324 0.10324691236019135
220500 0.47262507677078247 0.10247746109962463
326615 0.4825870990753174 0.08785941451787949
511832 0.41397032141685486 0.18634046614170074
526691 0.5465881824493408 0.0027775049675256014
704355 0.5131680965423584 0.08812796324491501
749450 0.44459739327430725 0.15081657469272614
864137 0.280828595161438 -0.058761660009622574
931625 0.4658140540122986 0.019686385989189148
1029604 0.503460168838501 0.05576780065894127
1111356 0.5505538582801819 0.05947897583246231
1164966 0.4988641142845154 0.09448714554309845
1184178 0.46454918384552 -0.02878390997648239
1249421 0.4934699535369873 0.04586067050695419
1626961 0.3711789548397064 0.1121724471449852
1719293 0.404672235250473 0.023669013753533363
1781600 0.4554949998855591 0.058363575488328934
1925284 0.402724027633667 0.16487497091293335
8773855 -0.7070087194442749 -0.07935390621423721
13367613 -0.2839825451374054 -0.019483288750052452
13381863 -0.6800242066383362 0.09201005101203918
20360086 -0.7025768756866455 -0.08265409618616104
26255052 -0.6850451827049255 0.10267556458711624
27823870 -0.7372370362281799 -0.07138592004776001
30394222 -0.7008060216903687 0.0890929251909256
37283664 -0.6925340294837952 0.07708276808261871
50388320 -0.713451623916626 0.06901323050260544
53776998 -0.7137332558631897 0.10084519535303116
54260756 -0.5163748264312744 0.023473089560866356
55682705 -0.5852178931236267 -0.21885733306407928
56833929 -0.5778890252113342 0.02149113267660141
59295211 -0.7465359568595886 -0.056188710033893585
66047244 -0.6381456255912781 0.08553260564804077
68328163 -0.7288774251937866 -0.023537028580904007
73291548 -0.6612043976783752 0.09759911149740219
74087084 -0.6412984728813171 -0.04667004570364952
76405632 -0.7362489700317383 -0.04233081638813019
80537071 -0.6051665544509888 0.06774500012397766
85367958 -0.5810685753822327 0.06132015958428383
87348471 -0.7624913454055786 -0.03149734437465668
87969373 -0.7027473449707031 -0.09307609498500824
91893131 -0.7220041155815125 -0.026013057678937912
104766968 -0.7241275310516357 -0.046271491795778275
112005530 -0.5266044735908508 0.0371733196079731
115238459 -0.7137930393218994 -0.09849821031093597
130249956 -0.7350267171859741 -0.050829414278268814
131928023 -0.5227935910224915 0.053173329681158066
133768732 -0.7393208146095276 -0.028171444311738014
137679553 -0.5327086448669434 0.0521804541349411
138543443 -0.6214047074317932 0.10408414900302887
142521895 -0.6801977157592773 0.1192585676908493
142524742 -0.6380051970481873 0.05552291125059128
148253395 -0.7093759179115295 -0.028853541240096092
152237034 -0.49465787410736084 0.026908699423074722
154816430 -0.7470970749855042 -0.03282143175601959
156237225 -0.7017211318016052 -0.07009174674749374
157498015 -0.7105103731155396 0.11057459563016891
165151074 -0.7551168203353882 -0.0586213581264019
171820068 -0.7344837784767151 0.08594638854265213
178701642 -0.720040500164032 -0.05672065168619156
192398819 -0.509870171546936 0.05233359709382057
3330929 -0.3862207233905792 -0.5082718729972839
3647314 -0.4899757504463196 -0.5937440395355225
12888450 -0.42400839924812317 -0.5512068271636963
22171510 -0.34899187088012695 -0.510728657245636
23306186 -0.3599986135959625 -0.527778148651123
26326346 -0.3671000599861145 -0.5117816925048828
29671545 -0.4245327115058899 -0.5661145448684692
34101957 -0.35530251264572144 -0.5425074696540833
38651230 -0.37406182289123535 -0.5279776453971863
49691836 -0.4738031029701233 -0.5997169017791748
50904015 -0.390083372592926 -0.5289224982261658
55839262 -0.275831013917923 -0.3883306384086609
56255398 -0.3880407512187958 -0.5935022234916687
59014338 -0.4458847939968109 -0.5580220818519592
69077616 -0.3432387411594391 -0.5398852825164795
70349224 -0.38302522897720337 -0.5397557020187378
71028477 -0.39774131774902344 -0.5203174948692322
76694468 -0.4049125015735626 -0.5753871202468872
77384102 -0.43218541145324707 -0.6322703957557678
79339049 -0.4634321928024292 -0.6169858574867249
82974247 -0.3677474856376648 -0.5387626886367798
93661912 -0.3870769143104553 -0.5746707320213318
98140256 -0.41869497299194336 -0.4784037470817566
98761984 -0.39547020196914673 -0.4981348514556885
5125647 0.03664293512701988 -0.0426936037838459
44015176 0.08597378432750702 -0.0738690197467804
45328743 0.41615602374076843 -0.27214157581329346
66721393 -0.03241177648305893 -0.06150134652853012
68910509 0.4546460211277008 -0.24075937271118164
80768810 0.4233325719833374 -0.26015567779541016
82336059 -0.04547256603837013 -0.03878474235534668
89120400 0.4236449897289276 -0.28915366530418396
93682463 0.4161865711212158 -0.23022033274173737
95185727 0.12541060149669647 -0.09443217515945435
96994818 0.08154841512441635 -0.02766866609454155
106325788 -0.029057417064905167 0.0014095196966081858
107517180 0.4504809081554413 -0.20338648557662964
109934424 0.47978675365448 -0.22547481954097748
127404750 0.471110075712204 -0.21085722744464874
139852811 0.400574266910553 -0.16159780323505402
142299042 0.48482465744018555 -0.26347804069519043
143275671 0.49136027693748474 -0.2081030160188675
144754071 0.45511314272880554 -0.22239062190055847
151023143 0.4276788830757141 -0.24682128429412842
159774187 0.4758645296096802 -0.19438329339027405
161002798 0.4703773260116577 -0.2708199918270111
165468442 0.4704510271549225 -0.236140176653862
165901413 0.4588477909564972 -0.2617793381214142
165928702 0.41086888313293457 -0.24745891988277435
170948479 0.39565953612327576 -0.2681623101234436
176623771 0.44145438075065613 -0.1540633887052536
180664928 0.400583416223526 -0.25721877813339233
182365926 0.40755584836006165 -0.2995253801345825
7373 -0.10040910542011261 0.1613454818725586
11191 -0.15706337988376617 0.1352386623620987
18465 -0.14164793491363525 0.13006417453289032
26146 -0.07078559696674347 0.19973872601985931
75103 -0.1491573005914688 0.13646265864372253
351122 -0.13095620274543762 0.1073201447725296
413267 -0.2596263587474823 0.13355639576911926
431301 -0.13978785276412964 0.1601211130619049
455801 -0.2675109803676605 0.1585025191307068
635187 -0.1991099715232849 -0.038675498217344284
1142167 -0.1810636818408966 -0.014366027899086475
1151988 -0.12503759562969208 -0.022387735545635223
1201021 -0.10269443690776825 0.1687549352645874
1201469 -0.19697365164756775 0.06762591004371643
1208931 -0.13508597016334534 0.0943622887134552
1419102 -0.12514802813529968 0.13269513845443726
1695846 -0.14184461534023285 0.08993744105100632
1867680 -0.18854902684688568 0.1255602091550827
2146978 -0.1196751594543457 -0.0189858116209507
2439560 -0.11591192334890366 0.014816876500844955
2904078 -0.1242823600769043 0.14484268426895142
2956812 -0.1146160140633583 0.10843975841999054
3053709 -0.20994864404201508 0.10056016594171524
3414995 -0.10723130404949188 0.13547836244106293
3457916 -0.1594577133655548 0.12220704555511475
3607792 -0.15343521535396576 0.15115560591220856
3656763 -0.10604541748762131 -0.03112834319472313
3683111 -0.1410151571035385 0.15119802951812744
3687687 -0.16969707608222961 0.08219409734010696
3795852 -0.20199863612651825 0.13723964989185333
4149739 -0.17476946115493774 0.14389289915561676
5028026 -0.16379845142364502 0.16423369944095612
5150346 -0.14230433106422424 0.11525015532970428
5375396 -0.15166515111923218 0.1511714607477188
5740181 -0.18071404099464417 0.13340620696544647
5918060 -0.12345302104949951 0.10405025631189346
7153638 -0.1238674595952034 0.034750599414110184
7490419 -0.12667329609394073 0.020188385620713234
7592964 -0.04902344569563866 0.003342872252687812
7892706 -0.1680063158273697 0.12352138012647629
8405773 -0.41423171758651733 0.08735466003417969
8661715 -0.07879038155078888 -0.06089813634753227
8779293 -0.15651799738407135 0.1410307139158249
8870416 -0.08849985152482986 -0.07332628965377808
8903822 -0.16774603724479675 0.1481126844882965
9914898 -0.17793413996696472 0.1764252781867981
10667030 -0.21712076663970947 -0.04833038151264191
11234970 -0.26286670565605164 0.1866033524274826
12025501 -0.1364387422800064 0.14403502643108368
12175653 -0.14904987812042236 0.22429659962654114
12418331 -0.1582234799861908 -0.09174972027540207
13719970 -0.07469721138477325 -0.06514109671115875
13795714 -0.27058956027030945 0.06746689230203629
14025700 -0.050062380731105804 -0.03124811314046383
14471560 -0.09111103415489197 0.16987177729606628
16408858 -0.17005804181098938 0.018149249255657196
16513482 -0.2661929428577423 -0.03352954238653183
16951490 -0.21664480865001678 -0.08050280809402466
3768 -0.09257359802722931 0.12413889169692993
4640 -0.036108653992414474 -0.04603886604309082
12632 0.016953378915786743 0.06749533116817474
143978 -0.07632069289684296 0.14483888447284698
423761 -0.007999823428690434 0.01845449209213257
816522 -0.11490249633789062 0.041794609278440475
933088 -0.03334055840969086 -0.07806622982025146
1000912 -0.030080001801252365 0.010926987044513226
1005246 0.04224197566509247 0.15285295248031616
1009566 -0.08829955756664276 -0.0100162448361516
1180758 0.00275520421564579 -0.009027683176100254
2013657 -0.10790404677391052 0.08735497295856476
2153814 -0.08242430537939072 -0.0393032468855381
2181925 -0.0006230684812180698 0.03940027207136154
2336256 -0.02908353880047798 -0.022956378757953644
2384937 -0.07195737212896347 -0.07368990778923035
2481188 -0.042537812143564224 0.019295422360301018
2565256 -0.07402759045362473 -0.04057438671588898
2594487 -0.009699564427137375 0.04440327361226082
2847854 -0.1188289001584053 0.06651367992162704
3060591 0.017478980123996735 0.13453829288482666
3194551 -0.042736463248729706 0.05470116436481476
3830307 -0.04467447102069855 -0.09007877856492996
3862846 -0.0003601903736125678 0.06557377427816391
3967417 -0.1068839579820633 -0.0826355367898941
4410138 -0.0021159169264137745 -0.028513440862298012
4599928 0.030931873247027397 0.005086174700409174
4905227 0.01140413898974657 -0.012102375738322735
5122287 -0.09606459736824036 -0.04299045354127884
134232 -0.6605695486068726 -0.28099846839904785
1879848 -0.6222111582756042 -0.28559383749961853
2888009 -0.6645787954330444 -0.25966885685920715
3090490 -0.6386314034461975 -0.28139185905456543
3623085 -0.6479933261871338 -0.2692759931087494
3829034 -0.644025444984436 -0.254089891910553
4305178 -0.544776976108551 -0.075035959482193
31818617 -0.4883534014225006 -0.11027028411626816
34487457 -0.583263635635376 -0.13709887862205505
40564761 -0.6449591517448425 -0.2969106435775757
47528571 -0.5966308116912842 -0.15204966068267822
48313890 -0.5286759734153748 -0.11749745905399323
61817114 -0.6060537099838257 -0.17446045577526093
80956533 -0.566964864730835 -0.1453617960214615
89089038 -0.5443926453590393 -0.09696900099515915
95259292 -0.6142845153808594 -0.3243441581726074
95365540 -0.5823603272438049 -0.17332135140895844
101187723 -0.6048056483268738 -0.30692121386528015
140141 -0.12236884236335754 -0.07381831109523773
676149 -0.10837506502866745 -0.2049633115530014
1620891 -0.1233074739575386 -0.42598921060562134
3414410 -0.16770440340042114 -0.2336622029542923
12358147 0.10464982688426971 -0.1323261559009552
18712651 -0.06604234874248505 -0.2582230567932129
19254496 -0.13614143431186676 -0.13729001581668854
38549175 -0.18083176016807556 -0.19084233045578003
40273243 -0.1377367079257965 -0.10156656056642532
44635862 -0.05098447948694229 -0.21802355349063873
44693175 -0.16395065188407898 -0.1920202672481537
50166259 -0.057906150817871094 -0.20888850092887878
50309152 -0.21593552827835083 -0.2659647464752197
54966482 -0.16805781424045563 -0.2544029951095581
61220932 -0.04213844984769821 -0.2975747883319855
61903025 -0.06203560158610344 -0.17825181782245636
76185171 -0.2032223790884018 -0.25960180163383484
83430111 -0.044245220720767975 -0.2753131687641144
84538208 -0.11976641416549683 -0.056340187788009644
87586664 -0.06559451669454575 -0.2718508243560791
96014828 -0.19679756462574005 -0.27546676993370056
96228270 -0.11933121085166931 -0.040331028401851654
96245124 -0.06206723302602768 -0.22572655975818634
510 0.39553913474082947 0.21759501099586487
234537 0.4135974049568176 0.11929001659154892
534157 0.37755024433135986 0.18476372957229614
592285 0.35059258341789246 0.15588699281215668
863682 0.4696355164051056 0.17140643298625946
902490 0.28637897968292236 0.14870326220989227
1242632 0.3034869134426117 0.12738516926765442
1416211 0.3333098292350769 0.048761945217847824
1163396 -0.056686706840991974 -0.31872689723968506
2197219 -0.09163741022348404 -0.1283859759569168
12731757 -0.05462227761745453 -0.16687603294849396
32278077 -0.012835700064897537 -0.17762255668640137
39848208 -0.08979934453964233 -0.2604624330997467
1930652 0.3067380487918854 0.2723696827888489
150218229 -0.41324278712272644 -0.1537407487630844
1933899 0.3765113055706024 0.13437382876873016
11700449 -0.052729472517967224 0.14633366465568542
4430587 0.03684099018573761 -0.1326783001422882
6514375 -0.03307609632611275 -0.33216604590415955
45141757 -0.1455260068178177 -0.04609550163149834
46871155 -0.11022865027189255 -0.14338357746601105
64215522 0.0075128464959561825 -0.28053122758865356
70790722 -0.0642731636762619 -0.08385857194662094
73417075 -0.0650876834988594 -0.3004801571369171
582435 -0.13941992819309235 -0.08378982543945312
219153048 -0.0643378272652626 -0.1516975611448288
227893947 0.011360317468643188 -0.2975183427333832
252713004 -0.0032685885671526194 -0.2850739061832428
48068174 -0.06895604729652405 -0.0074285296723246574
7746842 -0.5245081782341003 -0.08462292701005936
22364548 -0.5933502912521362 0.09170782566070557
24783899 0.06537187099456787 0.06125388294458389
3293016 0.03651105612516403 -0.024795355275273323
3989980 -0.07763861864805222 -0.0030527550261467695
6639857 -0.14470051229000092 0.02260247804224491
21319970 -0.18152491748332977 -0.04321429133415222
23197397 -0.09407788515090942 -0.018928343430161476
24447760 -0.07498956471681595 -0.26215648651123047
26292231 -0.06899192184209824 0.018598537892103195
26853756 -0.12643703818321228 -0.09107077121734619
30820897 -0.0061609758995473385 -0.19843778014183044
32444405 -0.17663724720478058 -0.02854088880121708
36836630 -0.06979887932538986 -0.10129097104072571
39799293 -0.09045950323343277 -0.03233632445335388
49355067 -0.1542935073375702 -0.03591972216963768
49882917 -0.09501303732395172 -0.2265590876340866
50960678 -0.148977130651474 -0.018081514164805412
53177655 -0.0804033875465393 0.012363018468022346
56575423 -0.17688460648059845 -0.06267301738262177
57504826 -0.16366927325725555 -0.010892106220126152
61381700 -0.1396346390247345 0.011511484161019325
61920679 -0.19874949753284454 -0.05729272589087486
62579519 -0.13726678490638733 -0.05987277254462242
71089350 -0.15702567994594574 -0.056073565036058426
74000556 -0.17892108857631683 0.009775355458259583
79621459 -0.0342889130115509 -0.04439568519592285
